1 0 0.500781 0.500781 1.000000 1.000000
10 0 0.432031 0.431250 0.806250 0.860938
100 0 0.470313 0.463281 0.689063 0.925000
101 0 0.500781 0.500781 0.806250 1.000000
102 0 0.554688 0.500781 0.892188 1.000000
103 0 0.485156 0.500781 0.843750 1.000000
104 0 0.425781 0.482812 0.612500 0.964063
105 0 0.539844 0.445312 0.921875 0.889062
106 0 0.414062 0.467187 0.826562 0.932813
107 0 0.500781 0.500781 1.000000 1.000000
108 0 0.421875 0.500781 0.842187 1.000000
109 0 0.464844 0.469531 0.850000 0.937500
11 0 0.496094 0.492188 0.715625 0.982812
110 0 0.464844 0.485156 0.662500 0.968750
111 0 0.567187 0.500781 0.867188 1.000000
112 0 0.546094 0.500781 0.815625 1.000000
113 0 0.519531 0.500781 0.875000 1.000000
114 0 0.597656 0.500781 0.634375 1.000000
115 0 0.472656 0.500781 0.768750 1.000000
116 0 0.441406 0.467187 0.750000 0.932813
117 0 0.562500 0.500781 0.760938 1.000000
118 0 0.563281 0.500781 0.875000 1.000000
119 0 0.577344 0.492969 0.846875 0.984375
12 0 0.589063 0.446875 0.823438 0.892188
120 0 0.471875 0.500781 0.607812 1.000000
121 0 0.392969 0.473438 0.784375 0.945312
122 0 0.536719 0.499219 0.750000 0.996875
124 0 0.578125 0.448437 0.845313 0.895312
126 0 0.517969 0.471875 0.578125 0.942187
127 0 0.474219 0.500781 0.637500 1.000000
128 0 0.478125 0.281250 0.954688 0.526563
129 0 0.531250 0.500781 0.804688 1.000000
13 0 0.513281 0.451562 0.975000 0.901563
130 0 0.536719 0.500781 0.871875 1.000000
131 0 0.422656 0.474219 0.759375 0.946875
132 0 0.400000 0.464062 0.798438 0.926562
133 0 0.607812 0.467187 0.773438 0.932813
134 0 0.518750 0.469531 0.629687 0.937500
135 0 0.389062 0.449219 0.723437 0.896875
136 0 0.593750 0.438281 0.814063 0.875000
137 0 0.453125 0.475781 0.657813 0.950000
138 0 0.555469 0.500781 0.793750 1.000000
139 0 0.530469 0.492969 0.675000 0.984375
14 0 0.503906 0.467187 0.412500 0.932813
140 0 0.434375 0.469531 0.723437 0.937500
141 0 0.548438 0.472656 0.904687 0.943750
142 0 0.590625 0.489063 0.601562 0.976562
143 0 0.486719 0.486719 0.678125 0.971875
144 0 0.600781 0.489063 0.531250 0.976562
145 0 0.558594 0.491406 0.728125 0.981250
146 0 0.530469 0.465625 0.646875 0.929688
147 0 0.610156 0.471094 0.687500 0.940625
148 0 0.413281 0.438281 0.659375 0.875000
149 0 0.547656 0.500781 0.906250 1.000000
15 0 0.500781 0.500781 1.000000 1.000000
150 0 0.420312 0.474219 0.839063 0.946875
151 0 0.419531 0.461719 0.837500 0.921875
152 0 0.547656 0.489844 0.709375 0.965625
153 0 0.611719 0.442188 0.778125 0.882812
154 0 0.560937 0.500781 0.685937 1.000000
155 0 0.395313 0.468750 0.789062 0.935937
156 0 0.430469 0.482031 0.859375 0.962500
157 0 0.468750 0.500781 0.667188 1.000000
159 0 0.517969 0.455469 0.640625 0.909375
16 0 0.496875 0.500781 0.539062 1.000000
160 0 0.395313 0.419531 0.595313 0.837500
161 0 0.571094 0.460938 0.765625 0.920312
162 0 0.501563 0.475000 0.735938 0.948438
163 0 0.478125 0.435156 0.576562 0.868750
164 0 0.434375 0.442188 0.839063 0.882812
165 0 0.500781 0.458594 1.000000 0.915625
166 0 0.502344 0.476562 0.653125 0.951562
167 0 0.432812 0.507812 0.864062 0.985938
168 0 0.610156 0.452344 0.781250 0.903125
169 0 0.433594 0.500781 0.865625 1.000000
17 0 0.491406 0.500781 0.696875 1.000000
170 0 0.543750 0.500781 0.914062 1.000000
171 0 0.479687 0.512500 0.660937 0.976562
172 0 0.471875 0.436719 0.782813 0.871875
173 0 0.539844 0.500781 0.593750 1.000000
174 0 0.480469 0.464844 0.446875 0.928125
175 0 0.477344 0.500781 0.568750 1.000000
176 0 0.383848 0.504710 0.642468 0.992151
177 0 0.536719 0.486719 0.928125 0.971875
178 0 0.621094 0.468750 0.728125 0.935937
179 0 0.500781 0.500781 1.000000 1.000000
18 0 0.500781 0.500781 0.609375 1.000000
180 0 0.535156 0.500781 0.821875 1.000000
181 0 0.550000 0.500781 0.901563 1.000000
182 0 0.550781 0.467187 0.671875 0.932813
183 0 0.503125 0.486719 0.607812 0.971875
185 0 0.448437 0.460156 0.889062 0.918750
186 0 0.409375 0.434375 0.817187 0.867188
187 0 0.491406 0.427344 0.609375 0.853125
188 0 0.500781 0.500781 1.000000 1.000000
189 0 0.526563 0.474219 0.648438 0.946875
19 0 0.486719 0.500781 0.678125 1.000000
190 0 0.489063 0.452344 0.601562 0.903125
191 0 0.500781 0.572656 1.000000 0.856250
192 0 0.564844 0.500781 0.871875 1.000000
193 0 0.549219 0.500781 0.903125 1.000000
194 0 0.574219 0.500781 0.853125 1.000000
195 0 0.500781 0.500781 1.000000 1.000000
196 0 0.559375 0.500781 0.854688 1.000000
197 0 0.526563 0.494531 0.676562 0.987500
198 0 0.608594 0.492969 0.603125 0.984375
199 0 0.413281 0.459375 0.496875 0.917188
2 0 0.388281 0.451562 0.775000 0.901563
20 0 0.522656 0.500781 0.512500 1.000000
200 0 0.485156 0.500781 0.650000 1.000000
21 0 0.533594 0.431250 0.806250 0.860938
22 0 0.502344 0.475000 0.618750 0.948438
23 0 0.362500 0.407813 0.723437 0.814063
24 0 0.428906 0.450000 0.856250 0.898438
25 0 0.540625 0.409375 0.620313 0.817187
26 0 0.460156 0.467969 0.756250 0.934375
27 0 0.489844 0.452344 0.575000 0.903125
28 0 0.419531 0.414062 0.493750 0.826562
29 0 0.500781 0.500781 1.000000 1.000000
3 0 0.568750 0.468750 0.504687 0.935937
30 0 0.547656 0.500781 0.518750 1.000000
31 0 0.500781 0.500781 1.000000 1.000000
32 0 0.626563 0.500781 0.660937 1.000000
33 0 0.525781 0.500781 0.796875 1.000000
34 0 0.499219 0.500781 0.875000 1.000000
35 0 0.500781 0.500781 1.000000 1.000000
36 0 0.564844 0.500781 0.871875 1.000000
37 0 0.500781 0.500781 1.000000 1.000000
38 0 0.475781 0.500781 0.481250 1.000000
39 0 0.500781 0.500781 1.000000 1.000000
4 0 0.526563 0.500781 0.789062 1.000000
40 0 0.500781 0.500781 1.000000 1.000000
41 0 0.612500 0.500781 0.570312 1.000000
42 0 0.500781 0.500781 1.000000 1.000000
43 0 0.357812 0.500781 0.395313 1.000000
44 0 0.500000 0.475000 0.582812 0.948438
45 0 0.576562 0.500781 0.498437 1.000000
46 0 0.415625 0.441406 0.535937 0.881250
47 0 0.444531 0.418750 0.562500 0.835938
48 0 0.546094 0.377344 0.734375 0.753125
49 0 0.372656 0.412500 0.546875 0.823438
5 0 0.500781 0.500781 1.000000 1.000000
50 0 0.480469 0.469531 0.825000 0.937500
51 0 0.611719 0.500781 0.512500 1.000000
52 0 0.560156 0.500781 0.881250 1.000000
53 0 0.532031 0.467969 0.603125 0.934375
54 0 0.452344 0.471094 0.706250 0.940625
55 0 0.600000 0.446094 0.801562 0.890625
56 0 0.552344 0.482031 0.634375 0.962500
57 0 0.548438 0.468750 0.617188 0.935937
58 0 0.496094 0.487500 0.675000 0.973437
59 0 0.601562 0.489844 0.532813 0.978125
6 0 0.500781 0.500781 1.000000 1.000000
60 0 0.521875 0.496094 0.685937 0.990625
61 0 0.560937 0.453125 0.629687 0.904687
62 0 0.582031 0.454688 0.662500 0.907813
63 0 0.416406 0.439063 0.665625 0.876563
64 0 0.588281 0.500781 0.825000 1.000000
65 0 0.389844 0.451562 0.778125 0.901563
66 0 0.442969 0.445312 0.778125 0.889062
67 0 0.535156 0.505469 0.609375 0.875000
68 0 0.609375 0.428906 0.764062 0.856250
69 0 0.482812 0.500781 0.664062 1.000000
7 0 0.359375 0.442188 0.717187 0.882812
70 0 0.410938 0.468750 0.776563 0.935937
71 0 0.393750 0.453125 0.785937 0.904687
72 0 0.534375 0.437500 0.660937 0.873437
73 0 0.476562 0.484375 0.426563 0.967187
74 0 0.377344 0.432031 0.634375 0.862500
75 0 0.594531 0.463281 0.812500 0.925000
76 0 0.545312 0.444531 0.685937 0.887500
77 0 0.570312 0.456250 0.860938 0.910937
78 0 0.498437 0.482812 0.739062 0.964063
79 0 0.388281 0.440625 0.775000 0.879687
8 0 0.507031 0.424219 0.421875 0.846875
80 0 0.544531 0.480469 0.606250 0.959375
81 0 0.625000 0.435156 0.751563 0.868750
82 0 0.483594 0.500781 0.675000 1.000000
83 0 0.424219 0.436719 0.846875 0.871875
84 0 0.596875 0.457813 0.676562 0.914062
85 0 0.534375 0.492969 0.360938 0.984375
86 0 0.457813 0.430469 0.601562 0.859375
87 0 0.483594 0.500781 0.781250 1.000000
88 0 0.486719 0.488281 0.637500 0.975000
89 0 0.382031 0.445312 0.762500 0.889062
9 0 0.500781 0.463281 1.000000 0.925000
90 0 0.504687 0.500781 0.732812 1.000000
91 0 0.557813 0.500781 0.664062 1.000000
92 0 0.522656 0.500781 0.693750 1.000000
93 0 0.546875 0.458594 0.817187 0.915625
94 0 0.395313 0.445312 0.789062 0.889062
95 0 0.607812 0.455469 0.785937 0.909375
96 0 0.444531 0.489844 0.887500 0.978125
97 0 0.511719 0.500781 0.762500 1.000000
98 0 0.435937 0.500781 0.667188 1.000000
99 0 0.441406 0.455469 0.681250 0.909375
